%LR04age	RedSea
0	0
0.0228935	2.24
0.0736574	8.74
0.1075	-0.78
0.158264	1.4
0.192106	-4.69
0.24287	5.22
0.268086	9.61
0.276381	-0.67
0.327145	0.69
0.358002	-9.7
0.360988	2.81
0.388526	-1.01
0.403457	2.98
0.411752	-0.82
0.418719	9.66
0.445594	3.53
0.449244	0.89
0.471142	-1.39
0.479768	2.99
0.509961	3.34
0.530201	-3.31
0.540486	1.23
0.564043	-0.97
0.570679	0.18
0.601204	7.19
0.614807	5.52
0.631728	7.54
0.64865	6.41
0.661921	5.08
0.692446	11.75
0.699414	-1.17
0.722639	-0.11
0.733256	-2.9
0.753164	-1.33
0.783688	0.88
0.809236	8.46
0.813881	-1.66
0.817531	2.13
0.844406	-0.12
0.868295	1.59
0.874931	-0.49
0.902137	-3.96
0.905123	2.26
0.935648	0.5
0.952901	-4.86
0.965841	0.85
0.986744	-0.55
0.996366	0.15
1.02689	-1.99
1.03751	0.16
1.05708	-5.26
1.07135	-2.35
1.09391	9.62
1.1392	3.3
1.14567	-4.75
1.1835	4.2
1.18499	3.3
1.19644	-11.02
1.23078	14.53
1.27258	-5.72
1.30095	1.19
1.32334	2.82
1.37162	2.24
1.39949	-7.26
1.44179	0.83
1.44976	-7.97
1.51247	-4.12
1.5259	-7.99
1.57667	-5.31
1.58264	-1.7
1.65281	-11.97
1.65331	-2.43
1.69113	-7.52
1.70358	-1.89
1.72348	-1.7
1.77972	-9.21
1.79416	-2.87
1.83049	-5.49
1.86483	-10.17
1.90663	-7.91
1.935	-19.61
1.9574	-12
2.03354	-11.93
2.07584	-8.69
2.08431	-1.89
2.14652	-5.3
2.1709	-10.82
2.24655	-12.93
2.27243	-1.34
2.28338	2.9
2.42373	-8.59
2.42472	-14.12
2.52525	1.74
2.56507	-2.46
2.67755	-9.66
2.70641	-11
2.77907	3.97
2.84676	1.84
2.93137	-9.81
2.9881	-2.47
3.03289	2.06
3.12944	-0.94
3.18518	-6.24
3.27278	1.19
3.28472	-11.78
3.34577	-8.93
3.47318	-8.38
3.60722	-2.88
3.66031	-3.76
3.84611	-2.47
3.84876	2.52
3.98148	0.76
4.1142	-10.62
4.20312	-6.04
4.24691	-22.58
4.37963	-26.57
4.41812	-9.44
4.46191	-23.68
4.54287	-15.85
4.62515	-8.74
4.6371	-7.33
4.70744	-26.58
4.78441	-4.04
4.78839	-27.64
4.87068	-2.51
4.95296	-3.79
5.00472	-9.63
5.03392	-25.47
5.11488	-12.52
5.1162	-21.89
5.15071	-9.37
5.19849	-15.87
5.27944	-24.46
5.36173	-22.3
5.37102	-14.47
5.44401	-10.65
5.51833	3.36
5.52497	-24.78
5.60725	-14.49
5.68954	-14.19
5.73864	-15.48
5.77049	-6.21
5.85278	-20.19
5.88463	-8.41
5.93506	-26.92
6.01602	-19.71
6.0983	-13.16
6.10494	-38.19
6.3717	-24.79
6.66235	-11.85
7.40688	-25.44
8.03761	-24.73
8.34618	-52.86
9.48837	-24.92
10.3369	-39.59
10.4862	-25.4
12.3277	-61.76
13.4674	-75.52
14.0909	-71.32
14.5107	-73.87
16.6565	-85.57
25.1953	-114.24
30.6823	-97.63
32.1986	-103.38
32.6576	-96.33
33.1085	-100.5
33.5579	-104.14
34.0073	-102.42
34.4537	-103.81
34.9002	-98.32
35.3451	-104.94
35.7524	-106.58
36.1452	-103.49
36.5367	-105.45
36.8486	-91.41
36.9269	-102.29
37.1393	-90.81
37.2109	-89.01
37.3144	-101.78
37.5321	-95.2
37.5732	-90.47
37.6953	-96.05
37.8573	-99.86
37.8626	-87.46
38.0192	-93.28
38.1466	-77.93
38.2381	-78.83
38.2727	-86.26
38.3987	-82.19
38.5248	-89.45
38.6496	-83.69
38.7743	-71.69
38.7889	-89.3
38.8977	-82.38
39.0212	-90.6
39.1446	-75.9
39.2667	-81.64
39.3888	-83.51
39.5096	-84.79
39.6157	-80.47
39.6303	-80.14
39.7511	-77.36
39.8467	-85.69
39.9353	-71.09
40.0248	-93.13
40.1124	-79.35
40.1672	-86.02
40.201	-88.63
40.3752	-82.96
40.4618	-89.61
40.633	-75.9
40.7186	-79.75
40.8032	-93.88
40.8746	-80.53
40.9057	-84.44
40.9303	-80.53
40.986	-77.93
41.0411	-86.66
41.0962	-83.51
41.1513	-73.83
41.2468	-86.2
41.2594	-86.66
41.3132	-85.34
41.3318	-86.78
41.4194	-88.98
41.4724	-84.24
41.5249	-87.79
41.5773	-89.45
41.629	-93.13
41.6808	-87.94
41.7319	-87.34
41.8182	-74.98
41.9004	-71.49
42.069	-83.51
42.2356	-76.54
42.4021	-75.5
42.5667	-72.56
42.7312	-68.65
42.8945	-69.4
42.9469	-80.69
43.0428	-66.89
43.1637	-63.11
43.2842	-71.49
43.4036	-77.55
43.5226	-84.79
43.641	-88.98
43.759	-92.34
43.8759	-84.42
43.9924	-80.73
44.1013	-78.13
44.1936	-85.87
44.1992	-78.76
44.2852	-83.33
44.3764	-83.69
44.4672	-79.75
44.5572	-84.05
44.6471	-78.75
44.7363	-77.74
44.8251	-84.24
44.8653	-89.45
44.9135	-75.9
45.0019	-75.1
45.0895	-67.14
45.1767	-87.05
45.2635	-80.53
45.3499	-87.49
45.4359	-82.96
45.5215	-82.38
45.6071	-82.58
45.6919	-72.79
45.7767	-67.39
45.8611	-85.34
45.8647	-72.99
45.9451	-87.34
46.0287	-84.98
46.1123	-77.16
46.1661	-77.31
46.1955	-75.7
46.2917	-78.54
46.3952	-78.75
46.4982	-76.54
46.6013	-73.83
46.7038	-67.14
46.7157	-78.35
46.8058	-71.09
46.9083	-79.15
47.0103	-70.62
47.0925	-81.66
47.1119	-76.75
47.2134	-69.4
47.3179	-64.22
47.4398	-72.56
47.561	-83.33
47.6822	-84.05
47.7282	-81.69
47.8035	-87.79
47.9247	-89.45
48.0459	-78.34
48.1672	-88.63
48.1803	-84.17
48.2884	-90.93
48.4096	-99.99
48.4735	-84.98
48.5709	-84.79
48.5996	-81.86
48.6682	-80.53
48.7656	-76.11
48.7913	-84.4
48.8635	-76.54
48.9615	-76.54
49.0594	-77.16
49.0785	-76.45
49.158	-68.65
49.2559	-79.55
49.2702	-82.13
49.355	-73.02
49.4542	-76.97
49.5533	-74.25
49.5581	-75.06
49.6531	-75.1
49.7492	-77.63
49.7528	-60.46
49.7976	-72.91
49.9541	-65.82
50.0371	-70.54
50.0556	-72.56
50.1571	-72.33
50.2055	-73.79
50.2592	-67.64
50.362	-70.62
50.4587	-72.57
50.4653	-64.22
50.5545	-62.09
50.5907	-78.66
50.6241	-63.43
50.6942	-58.84
50.7555	-72.89
50.7647	-55.58
50.8356	-38.77
50.8706	-70.96
50.9192	-40.31
51.0036	-53
51.0637	-72.92
51.0884	-71.09
51.1736	-66.62
51.1923	-67.3
51.2245	-77.83
51.2596	-68.65
51.3464	-68.65
51.3854	-77.53
51.434	-60.46
51.514	-83.05
51.522	-69.15
51.6111	-64.22
51.7007	-65.07
51.7394	-82.03
51.7398	-73.68
51.7911	-74.04
51.8039	-83.2
51.8823	-56.16
51.9743	-69.64
51.9966	-77.85
51.9974	-68.96
52.0674	-69.15
52.161	-81.64
52.2542	-75.48
52.2546	-66.56
52.2558	-71.49
52.3517	-91.25
52.4481	-79.15
52.5118	-70.41
52.5122	-68.67
52.5456	-74.04
52.6443	-50.24
52.7905	-60.73
52.8316	-67.52
52.8323	-63.82
52.9584	-65.07
53.1276	-58.02
53.2424	-60.91
53.243	-60.21
53.2994	-54
53.4733	-58.84
53.5556	-64.87
53.5562	-66.04
53.6485	-65.07
53.8263	-67.64
53.8688	-71.26
53.8694	-68.82
54.0055	-64.22
54.182	-72.12
54.1827	-66.94
54.1873	-65.07
54.3711	-55.89
54.5569	-52.01
54.5735	-64.39
54.5742	-72.49
54.7454	-60.46
54.8084	-70.57
54.8091	-70.51
54.9407	-68.88
55.0328	-73.02
55.3812	-67.93
55.3824	-75.39
55.3948	-62.63
55.7606	-76.97
55.9684	-70.22
55.9697	-91.78
56.1314	-61.27
56.5072	-61.27
56.6415	-96.45
56.8431	-92.34
57.0322	-91.86
57.2089	-84.89
57.2102	-95.62
57.2201	-80.14
57.408	-85.34
57.5971	-92.5
57.785	-102.81
57.9194	-101.6
57.9206	-93.8
57.9218	-99.84
57.9741	-94.17
58.162	-95.63
58.3511	-98.95
58.488	-90.55
58.4892	-100.64
58.539	-96.19
58.7281	-99.73
58.916	-93.28
59.0566	-93.85
59.0578	-100.67
59.1038	-97.34
59.293	-99.34
59.4808	-99.99
59.6252	-95.19
59.6264	-101.82
59.67	-107.19
59.8578	-98.57
60.047	-92.98
60.1938	-89.98
60.195	-102.8
60.2348	-96.62
60.424	-97.93
60.6118	-97.19
60.7624	-94.42
60.7636	-99.9
60.7997	-100.37
60.9888	-99.86
61.1767	-97.34
61.3297	-95.4
61.3658	-84.61
61.5537	-94.32
61.7428	-83.69
61.8984	-89.83
61.8996	-95.7
61.9307	-79.35
62.1198	-94.32
62.3077	-93.43
62.467	-87.19
62.4682	-95.5
62.4956	-83.15
62.6847	-78.95
62.8726	-88.4
63.0356	-90.73
63.0368	-96.9
63.6042	-98.98
63.6054	-97.04
64.1715	-95.74
64.1728	-96.79
64.5983	-92.51
64.5995	-92.52
65.3087	-84.49
65.31	-89.38
65.5265	-81.76
65.8585	-76.17
65.8593	-84.13
66.2192	-76.8
66.22	-82.51
66.3394	-81.03
67.0075	-68.94
67.0083	-77.21
67.6677	-48
67.8978	-58.51
67.8986	-71.54
68.7881	-53.43
68.7888	-69.38
69.4999	-71.13
69.6783	-61.52
69.6799	-76.65
70.7907	-69.39
71.0137	-45.53
71.0153	-67.57
71.3322	-33.59
71.904	-47.95
71.9056	-57.94
72.7942	-40.7
72.7958	-58.51
73.4703	-68.72
73.6845	-39.62
73.6853	-64.89
74.0126	-42.32
74.0134	-62.52
74.5194	-49.73
74.5204	-59.97
75.0659	-46.29
75.0669	-52.8
75.9746	-29.73
75.9766	-48.48
77.0695	-30.44
77.0715	-51.73
78.3531	-35.08
78.3555	-47.69
79.7217	-42.09
79.7242	-35.465
80.9485	-40.72
81.2595	-29.15
81.262	-41.57
82.7929	-25.95
82.7949	-30.61
83.0656	-39.43
83.7505	-44.16
84.0232	-47.07
84.1605	-37.46
84.2959	-25.42
84.7657	-28.4
85.1579	-32.46
85.7044	-56.74
85.9781	-57.24
86.2588	-73.78
86.4413	-49.1
86.574	-78.46
86.7147	-79.01
86.8514	-65.64
87.0995	-62.28
87.1427	-77.53
87.5787	-74.35
87.7532	-62.22
88.0153	-62.15
88.1852	-44.63
88.2593	-61.76
88.4211	-58.15
88.5388	-47.33
88.5782	-47
88.8135	-56.14
88.9706	-45.93
89.0512	-51.09
89.2059	-55.77
89.363	-47.94
89.5983	-58.44
89.7553	-50.68
89.9906	-57.7
90.1083	-54.96
90.1477	-44.89
90.383	-56.82
90.4965	-47.16
90.5401	-47.31
90.7754	-56.3
90.9325	-46.5
91.1684	-55.69
91.3248	-40.38
91.6072	-52.56
91.7542	-40.06
91.8035	-31.85
92.0752	-52.92
92.0976	-53.77
92.294	-36.47
92.5881	-53.07
92.7845	-34.33
93.0786	-49.02
93.2749	-29.48
93.5414	-41.59
93.569	-49.1
93.7161	-36.24
93.7654	-28.71
94.0595	-44.08
94.2559	-31.87
94.5507	-42.41
94.7951	-31.99
95.1883	-43.53
95.3535	-30.79
95.4491	-31.31
95.884	-38.83
96.1291	-39.91
96.3494	-16.35
97.6695	-38.52
98.5504	-10.79
99.8705	-35.49
100.751	-16.12
101.664	-49.54
101.746	-41.83
102.025	-17.9
102.447	-46.32
102.657	-29.54
102.726	-23.62
103.147	-31.76
103.503	-10.53
103.922	-37.37
104.063	-29.84
104.437	-0.27
104.997	-35.3
105.371	-34.6
105.931	-55.24
106.211	-37.69
106.306	-47.32
106.688	-53.77
106.866	-69.33
107.264	-45.37
107.84	-63.25
108.269	-28.74
108.857	-37.44
108.912	-53.85
109.341	-25.66
109.985	-49.65
110.307	-33.22
110.414	-28.44
110.436	-43.44
111.057	-45.76
111.486	-27.04
111.488	-26.76
112.131	-44.68
112.559	-25.74
113.138	-47.16
113.481	-16.85
113.567	-34.79
113.987	-42.04
114.193	-32.53
114.261	-18.36
114.389	-42.87
114.673	-35.12
114.948	-22.32
115.359	-31.89
115.634	-21.18
116.046	-25.93
116.238	-44.79
116.321	-11.58
116.732	-30.27
116.939	-16.53
117.007	-14.44
117.419	-22.06
117.694	-9.81
117.902	-9.33
118.106	-17.16
118.348	4.52
118.657	-21.97
118.854	-9.72
118.863	-9.64
119.172	-14.6
119.172	-20.66
119.275	-1.8
119.326	-7.62
119.378	-8.74
119.48	-4.12
119.584	0.83
119.686	-6.96
119.687	-20.09
119.719	-15.64
119.79	8.65
119.892	0.62
119.936	1.33
119.996	4.09
120.098	2.96
120.152	-6.43
120.201	6.96
120.202	-16.19
120.26	3.15
120.368	-9.77
120.407	-0.28
120.51	-1.31
120.585	-7.19
120.717	-11.13
120.801	-2.39
121.018	2.03
121.231	-5.45
121.234	8.56
121.45	-2.04
121.687	-2.78
121.928	5.29
122.168	9.97
122.409	8.53
122.529	17.61
122.649	13.83
122.889	1.24
123.129	-1.72
123.37	8.5
123.61	13.1
124.048	-4.7
124.273	-10.99
124.449	-1.56
124.498	-1.01
124.949	-12.84
125.4	-12.85
125.48	-41.25
125.677	5.82
125.851	-15.06
125.873	-24.89
126.07	-14.84
126.268	-15.18
126.464	19.87
126.466	-33.41
126.494	-19.46
126.661	-12.98
126.752	-23.79
126.857	-47.76
127.394	-34.97
127.447	-57.29
127.742	-67.04
127.84	-67.03
127.927	-39.66
128.431	-71.12
128.463	-50.1
128.825	-71.25
128.996	-54.26
129.07	-74.66
129.11	-74.49
129.141	-70.8
129.216	-75.25
129.284	-74.9
129.373	-80.09
129.426	-73.8
129.569	-71.99
129.635	-67.78
129.721	-69.17
129.725	-81.18
129.958	-71.55
130.031	-78.66
130.195	-74.51
130.433	-77.33
130.468	-81.67
130.67	-45.26
130.789	-95.13
130.905	-82.98
130.907	-48.69
131.145	-59.18
131.369	-34.44
131.867	-94.08
132.115	-77.37
132.301	-89.27
132.862	-91.57
132.987	-96.06
133.111	-94.86
133.366	-93.32
133.625	-97.98
134.348	-99.66
136.504	-91.11
137.012	-95.39
138.66	-88.06
139.46	-98.11
140.816	-86.36
141.598	-96.67
141.679	-96.04
142.972	-86.55
143.736	-78.32
145.128	-82.76
145.991	-89.89
146.179	-82.6
147.287	-88.1
148.616	-84.17
149.437	-83.89
149.867	-89.64
150.012	-89.74
150.299	-85.91
150.588	-82.23
150.874	-91.63
150.876	-84.6
150.912	-91.56
151.161	-80.98
151.45	-92.71
151.923	-90.59
152.025	-93.8
152.312	-82.55
152.6	-80.86
152.887	-88.53
153.337	-94.07
153.462	-89.42
153.743	-82.22
153.744	-86.84
153.959	-89.01
154.174	-93.25
154.282	-86.15
154.606	-88.54
154.822	-94.67
155.397	-88.19
155.9	-93.72
156.75	-93.5
156.969	-97.02
157.516	-99.29
157.668	-97.22
158.146	-84.71
158.254	-88.93
158.505	-86.32
159.02	-84.71
159.21	-88.93
159.645	-86.32
159.898	-85.72
160.227	-79.85
160.346	-70.79
160.602	-88.93
160.683	-93.11
160.972	-92.73
161.086	-90.88
161.347	-90.51
161.693	-73.35
161.717	-85.19
162.092	-74.87
162.116	-84.7
162.497	-89.52
162.585	-74.35
162.639	-92.19
162.965	-85.76
163.442	-83.3
163.744	-67.22
164.144	-87.99
164.847	-91.65
165.051	-77.49
165.54	-80.72
165.604	-61.36
166.244	-71.7
166.912	-63.29
167.042	-66.81
167.923	-66.34
168.141	-72.04
168.54	-61.84
168.664	-58.82
169.413	-57.13
169.518	-46.33
170.153	-50.66
170.903	-52.57
170.97	-56.47
171.103	-47.83
171.478	-57.1
172.025	-65.83
172.05	-63.5
172.692	-67.39
173.421	-59.7
173.442	-64.94
173.698	-63.69
174.287	-61.58
174.501	-32.39
175.122	-63.48
175.967	-69.38
176.801	-71.46
177.058	-61.94
177.176	-59.2
177.646	-67.07
178.418	-82.39
178.481	-83.34
178.771	-86.61
179.327	-82.68
180.354	-76.36
180.686	-71.59
181.446	-72.15
182.537	-74.3
183.628	-70.75
183.735	-70.63
184.362	-70.35
184.446	-74.71
185.023	-68.42
185.516	-54.22
185.723	-65.81
186.42	-59.77
187.188	-70.09
187.325	-49.82
187.81	-59.23
188.51	-65.42
189.213	-67.39
190.194	-53.75
190.377	-64.14
190.72	-47.03
191.529	-48.31
192.17	-26.55
192.694	-28.895
193.903	-39.595
194.121	-46.72
195.214	-22.46
195.456	-21.05
195.662	-44.88
195.958	-11.01
195.97	-25.55
196.886	-8.08
197.211	-4.52
197.678	-7.56
198.201	-18.99
198.202	1.41
198.346	13.72
198.457	-19.61
198.677	-2.11
199.153	-16.795
199.627	-30.93
199.755	-9.97
200.103	-27.725
200.239	-16.19
200.332	-4.59
200.578	-38.925
201.197	-45.04
201.819	-40.93
201.883	-24.57
202.373	-41.29
202.402	-11.13
202.52	-53.74
202.871	-37.85
203.262	-49.37
203.369	-34.66
203.867	-36.01
204.347	-52.79
204.441	-31.74
204.696	-35.55
205.271	-30.37
206.101	-30.41
206.885	-54.09
207.209	-26.4
208.944	-23.08
209.497	-42.77
210.884	-22.85
210.991	-37.5
213.997	-22.14
215.323	-29.96
216.159	-29
217.25	-43.61
217.705	-31.42
218.161	-39.99
218.994	-32.51
220.154	-48.64
220.206	-67.38
221.446	-68.82
221.86	-73.54
221.93	-48.04
222.439	-71.04
222.527	-71.68
222.984	-70.06
223.477	-56.35
223.645	-67.54
224.306	-64.04
224.797	-66.46
224.966	-75.76
225.17	-80.5
225.634	-71.73
225.76	-77.83
226.295	-66.81
226.955	-64.1
227.208	-61.69
227.616	-56.59
227.812	-72.76
228.185	-41.76
228.277	-66.23
228.937	-67.12
229.598	-56.64
229.773	-62.16
230.259	-53.97
230.266	-72.17
230.455	-60.27
230.92	-51.62
231.6	-38.19
231.874	-47.78
232.289	-36.58
232.972	-39.54
232.992	-32.11
233.182	-41.04
233.66	-29.295
233.744	-32.13
234.341	-23.22
234.348	-33.95
234.756	-31.11
235.03	-25.92
235.696	-13.64
235.784	-14.43
235.793	-23.76
236.047	-23.03
236.374	-9.645
237.057	-6.195
237.157	-3.15
237.86	-8.96
238.363	-36.84
238.677	-18.515
239.038	-25.69
239.88	-25.695
240.722	-60.98
241.084	-37.765
241.639	-79.29
241.959	-50.565
243.006	-71.29
243.539	-46.81
244.101	-73.25
244.594	-73.45
245.947	-79.83
247.294	-78.7
247.797	-91.95
248.496	-74.32
248.853	-80.97
249.632	-64.93
249.699	-75.72
250.9	-86.55
252.066	-85.89
253.209	-92.62
253.788	-80.62
254.306	-83.29
255.54	-80.52
257.205	-86.12
258.455	-81.21
259.405	-88.47
259.506	-81.71
259.926	-79.83
260.237	-78.745
260.977	-77.03
261.922	-65.14
261.938	-74.75
262.865	-68.83
263.352	-76.46
263.743	-79.44
263.987	-86.32
264.546	-78.2
265.349	-77.39
266.153	-78.9
266.244	-94.71
266.949	-84.25
267.195	-97.04
267.488	-99.17
267.702	-92.79
268.169	-96.67
268.63	-97.82
268.677	-101.82
269.023	-99.48
269.136	-106.09
269.358	-90.89
269.396	-101.82
269.765	-102.65
270.138	-99.5
270.507	-97.19
270.528	-96.68
270.62	-101.97
270.88	-95.3
271.273	-97.48
271.336	-92.1
271.797	-87.1
272.011	-80.99
272.36	-85.29
272.542	-90.39
272.975	-78.89
273.597	-75.4
273.688	-80.22
274.255	-81.7
275.135	-76.19
275.188	-74.9
275.525	-80.45
276.299	-67.22
277.242	-60.52
278.185	-61.29
279.129	-59.58
279.417	-62.09
280.085	-56.91
280.347	-48.2
281.029	-47.265
281.971	-45.87
281.972	-48
282.43	-41.77
282.914	-50.08
282.915	-40.92
283.204	-57.06
283.841	-37.35
284.731	-39.51
284.941	-37.8
285.62	-32.67
285.622	-36.41
286.399	-31.53
286.409	-32.67
286.506	-50.82
286.616	-42.18
287.12	-21.61
287.121	-15.82
287.673	-47.09
287.831	-29.765
288.544	-34.355
288.614	-68.3
288.969	-52.97
289.028	-39.9
289.176	-75.9
289.246	-49.02
289.661	-58.88
289.938	-54.6
290.319	-51.52
290.832	-60.65
291.217	-62.03
291.35	-61.54
291.499	-63.95
291.862	-60.87
292.226	-69.82
292.374	-62.77
292.893	-62.92
293.404	-65.71
293.551	-74.8
293.867	-56.38
294.276	-62.61
294.322	-54.35
294.783	-54.68
295.238	-57.51
295.376	-54.49
295.409	-67.62
295.693	-57.34
296.154	-52.95
296.411	-62.19
296.609	-51.37
297.064	-46.49
297.202	-45.28
297.518	-48.21
297.888	-58.08
297.96	-46.07
298.369	-47.83
298.778	-57.31
298.903	-40.74
299.187	-60.01
299.597	-44.89
299.662	-50.16
300	-47.79
300.403	-40.43
300.528	-50.07
300.534	-55.47
300.812	-42.61
301.183	-39.77
301.447	-41.15
301.542	-38.01
301.908	-40.02
302.013	-46.82
302.267	-38.67
302.31	-36.84
302.627	-35.44
302.991	-35.07
303.161	-28.4
303.351	-33.67
303.462	-45.44
303.716	-35.81
304.075	-36.53
304.294	-25.34
304.459	-37.43
304.811	-35.16
304.863	-32.16
304.981	-45.45
305.116	-61.62
305.263	-48.74
305.645	-41.93
306.003	-42.44
306.039	-62.33
306.139	-73.26
306.327	-53.52
306.461	-31.14
307.219	-29.55
308.063	-33.01
309.138	-31.04
309.473	-32.01
310.366	-29.13
311.73	-30.61
312.701	-46.14
313.074	-25.93
314.42	-22.99
314.816	-33.89
315.764	-25.11
315.983	-18.84
317.108	-24.08
318.451	-22.285
319.795	-18.27
319.818	-7.77
320.213	-20.38
320.837	-14.01
321.406	-8.5
321.643	-7.275
322.449	-5
323.255	-10.145
323.494	-14.58
323.957	-13.71
324.062	-1.56
324.063	-14.43
324.869	-5.02
324.883	-10.14
325.622	-12.66
325.689	-13.565
326.394	-7.31
326.589	-18.99
327.058	-9.12
327.069	-4.7
327.548	-18.69
327.721	-6.85
328.386	-17.8
329.049	-17.4
329.256	-5.8
329.723	-14.17
330.63	-20.41
331.426	11.38
331.735	-37.52
332.844	-60.12
333.17	-4.99
333.367	-80.78
333.987	-66.51
335.66	-82.58
335.679	-82.06
336.958	-79.45
337.893	-92.66
338.27	-84.65
338.665	-84.13
339.584	-91.97
340.886	-91.56
341.583	-102.31
342.068	-95.37
342.553	-112.09
342.797	-109
343.25	-98.83
343.591	-105.92
344.417	-103.39
344.464	-113.55
345.599	-101.9
346.782	-111.23
346.813	-102.09
347.382	-107.58
347.963	-104.75
348.433	-104.617
349.114	-104.99
349.615	-96.99
350.682	-94.14
351.221	-87.87
351.437	-81.98
351.6	-80.59
351.849	-92.07
352.048	-82.88
352.221	-81.66
352.594	-78.39
352.858	-67.01
352.893	-83.68
353.186	-82.155
353.191	-79.35
353.377	-84.58
353.485	-80.03
353.824	-78.33
354.111	-83.81
354.213	-83.35
354.551	-77.69
354.596	-89.4
354.602	-89.4
354.602	-81.68
355.045	-85.86
355.531	-80.83
355.764	-106.06
356.056	-94.07
356.394	-92.64
356.631	-92.125
356.64	-87.71
357.198	-91.22
357.756	-86.79
357.882	-88.8
358.323	-84.14
358.627	-83.5
358.881	-92.05
358.89	-86.19
359.548	-75.52
360.084	-80
360.097	-75.26
360.519	-76.95
360.647	-74.11
360.948	-76.5467
361.377	-70.09
361.704	-66.89
361.8	-69.75
362.229	-67.92
362.286	-61.03
362.657	-68.51
362.658	-70.935
363.048	-65.73
363.08	-72.46
363.509	-67.97
363.829	-60.83
363.931	-67.51
364.36	-68.82
364.361	-70.72
364.648	-67.36
364.789	-64.85
365.211	-62.29
365.499	-55.82
365.65	-60.85
366.107	-58.585
366.108	-60.86
366.469	-53.43
366.572	-41.13
367.015	-50.47
367.472	-49.71
368.06	-55.95
368.094	-69.54
368.381	-61.75
368.469	-80.69
368.559	-49.12
368.654	-61.92
368.832	-51.44
368.927	-46.88
369.023	-55.71
369.118	-56.88
369.214	-53.01
369.31	-40.72
369.31	-69.3
369.419	-55.48
369.528	-62.94
369.638	-65.78
369.747	-50.97
369.801	-59.19
369.856	-57.29
369.862	-62.82
369.965	-58.54
370.027	-60.17
370.081	-68.61
370.19	-41.76
370.299	-57.04
370.408	-51.17
370.409	-68.59
370.517	-52.35
370.627	-66.28
370.736	-53.43
370.846	-47.6
370.955	-59.13
370.962	-52.87
371.065	-63.32
371.174	-57.21
371.283	-55.49
371.392	-51.04
371.508	-55.735
371.617	-44.4
371.726	-54.26
371.835	-54.6
371.944	-45.01
372.054	-45.27
372.055	-60.39
372.164	-44.83
372.218	-40.24
372.273	-49.47
372.382	-45.12
372.491	-49.01
372.601	-57.005
372.71	-43.81
372.82	-51.27
372.935	-46.61
373.044	-48.09
373.079	-46.7
373.153	-55.095
373.262	-45.95
373.372	-53.28
373.482	-40.79
373.591	-43.88
373.7	-47.04
373.809	-41.03
373.918	-42.86
374.028	-35.78
374.147	-33.05
374.283	-41.25
374.291	-51.66
374.427	-33.02
374.564	-43.19
374.7	-36.15
374.812	-45.68
374.838	-35.72
374.974	-32.06
374.975	-49.92
375.111	-33.91
375.248	-38.27
375.384	-32.32
375.52	-36.93
375.657	-40.14
375.666	-47.34
375.794	-34.38
375.93	-38.7
376.067	-35.57
376.203	-38.13
376.348	-42.1
376.485	-33.54
376.621	-37.55
376.758	-37.89
376.895	-39.8
377.031	-47.14
377.032	-51.11
377.168	-50.99
377.235	-45.74
377.304	-45.86
377.44	-46.91
377.578	-44.12
377.714	-47.53
377.851	-41.46
377.987	-47.84
378.123	-38.33
378.131	-45.3
378.269	-44.2
378.405	-41.49
378.406	-44.23
378.541	-45.13
378.679	-39.34
378.815	-38.07
378.951	-36.64
379.088	-35.63
379.097	-45.44
379.225	-36.73
379.362	-38.79
379.498	-32.4
379.634	-36.5
379.771	-28.88
379.779	-40.41
379.916	-32.77
379.985	-24.71
380.052	-37.4
380.189	-34.13
380.325	-30.46
380.462	-24.305
380.599	-24.02
380.735	-27.35
380.873	-26.03
381.009	-28.39
381.145	-33.085
381.282	-22.97
381.418	-36.01
381.426	-50.69
381.554	-38.4
381.7	-20.73
381.836	-42.42
381.972	-37.46
382.109	-54.37
382.246	-61.6
382.382	-37.87
382.52	-43.01
382.656	-34.41
382.724	-49.95
382.793	-40.92
382.929	-42.31
383.065	-39.47
383.202	-44.29
383.338	-45.48
383.483	-46.31
383.62	-38.48
383.756	-39.68
383.892	-38.66
383.893	-41.56
384.03	-41.9
384.166	-39.42
384.304	-39.66
384.44	-40.01
384.576	-40.845
384.713	-45.45
384.73	-30.62
384.849	-45.42
384.958	-37.65
385.068	-39.52
385.177	-41.98
385.184	-37.97
385.293	-32.39
385.348	-29.69
385.402	-39.51
385.537	-37.31
385.685	-35.58
385.833	-36.275
385.98	-33.27
386.127	-36.93
386.275	-30.43
386.422	-36.45
386.569	-33.56
386.717	-32.2
386.863	-27.39
387.01	-30.88
387.166	-28.33
387.314	-35.59
387.461	-28.07
387.609	-29.41
387.904	-27.36
388.051	-37.46
388.078	-27.97
388.198	-25.54
388.272	-33.5
388.346	-27.15
388.64	-29.24
388.787	-39.88
388.934	-27.18
389.09	-29.12
389.444	-24.29
389.629	-35.41
389.766	-29.62
389.905	-32.78
390.181	-32.15
390.365	-17.74
390.521	-27.61
390.676	-19.5
391.003	-28.86
391.158	-22.78
391.333	-19.52
391.4	-21.4
391.488	-20.85
391.815	-10.62
391.97	-20.47
392.126	-22.27
392.297	-28.41
392.608	-15.45
392.783	-15.97
392.938	-17.62
392.954	-6.43
393.11	-19.79
393.42	-13.8
393.639	-13.9
393.733	-16.61
393.846	-12.87
394.053	-19.41
394.491	-5.16
394.696	-18.63
395.021	-11.33
395.572	-5.41
395.824	-10.05
396.371	-5.77
396.919	-3.69
397.178	-7.17
397.723	-12.33
398.24	-5.38
398.529	-9.57
398.788	-3.25
399.044	-0.4
399.594	-0.04
399.853	-0.74
400.253	-4.53
400.398	-2.35
400.945	-0.09
401.111	-12.26
401.284	-10.22
401.441	0.27
401.768	-3.61
401.923	-18.26
401.974	-5.45
402.252	-12.05
402.561	-4.34
402.734	-9.5
403.049	-4.51
403.383	-3.97
403.542	3.51
403.788	-5.33
404.124	1.06
404.383	-0.92
404.649	3.38
404.899	-6.695
405.244	-4.88
405.572	-12.2
405.901	-4.29
406.246	-9.67
406.574	-4.1
406.592	-13.03
406.919	-6.17
407.248	-16.04
407.594	-10.18
407.921	-12.43
408.266	-13.595
408.572	-3.44
408.688	-24.48
408.83	-9.55
409.076	-4.74
409.335	-8.26
409.58	-13.71
409.774	-12.6
409.862	-14.73
409.959	-14.81
410.338	-12.01
410.522	-13.92
410.716	-21.71
410.902	-19.06
411.051	-5.23
411.28	-12.63
411.474	-16.13
411.659	-18.28
411.853	-21.53
412.231	-20.22
412.417	-20.29
412.61	-25.04
412.796	-14.85
413.133	-12.05
413.297	-19.73
413.469	-14.97
413.555	-17.81
413.634	-11.12
413.971	-14.53
414.142	-25.22
414.479	-22.46
414.518	-24.61
414.816	-23.12
414.977	-22.34
415.28	-20.02
415.583	-15.58
415.732	-26.29
416.034	-23.64
416.337	-26.77
416.493	-27.39
416.718	-36.83
416.795	-34.69
417.099	-33.33
417.133	-16.29
417.246	-32.97
417.402	-36.13
417.55	-35.29
417.852	-29.55
418.008	-36.41
418.303	-38.97
418.607	-37.25
418.762	-39.07
419.065	-44.83
419.368	-44.47
419.516	-44.2
419.671	-56.17
419.74	-59.77
419.799	-45.6
420.029	-48.07
420.146	-51.66
420.37	-51.02
420.599	-50.83
420.717	-51.93
420.946	-43.84
421.175	-51.78
421.288	-59.44
421.462	-51.86
421.702	-31.41
422.19	-33.29
422.43	-92.52
423.249	-52.83
423.502	-60.59
424.484	-41.47
425.08	-99.45
428.166	-105.11
429	-108.77
430	-113.98
