0	0	0	0	0	0
10.4	26.5	1.57	2.7	0.22	-11.8
20	40	1.08	-0.6	0.59	-48.8
22	45	1.3	1	1.33	-123.5
24.1	50	1.32	1.1	1.31	-120.6
26.1	55	1.16	0.2	1	-90.3
28.1	60	1.29	0.9	1.1	-99.7
34.2	75	1.09	-0.3	0.67	-56.9
36.2	80	1.2	0.4	0.88	-78.1
38.3	85	1.2	0.4	0.91	-80.8
40.3	90	1.18	0.3	0.81	-70.8
42.3	95	1.16	0.1	0.71	-61.2
44.4	100	1.18	0.3	0.7	-60.2
46.4	105	1.17	0.2	0.65	-55
48.4	110	1.21	0.5	0.68	-58.5
50.4	115	1.16	0.1	0.55	-44.9
54.5	125	1.04	-0.6	0.44	-33.5
56.5	130	1.29	0.9	0.74	-63.9
60.6	140	1.12	-0.1	0.26	-15.8
62.6	145	1.26	0.7	0.52	-42.1
64.6	150	1.23	0.6	0.73	-62.5
66.7	155	1.2	0.4	0.77	-66.9
68.7	160	1.23	0.6	0.66	-55.9
70.7	165	1.14	0	0.33	-22.9
72.8	170	1.15	0.1	0.17	-6.5
74.8	175	1.19	0.3	0.09	0.5
76.8	180	1.27	0.8	0.22	-12.3
80.9	190	1.35	1.3	0.23	-13.1
82.9	195	1.28	0.9	0.16	-5.6
85.6	200	1.29	0.9	0.38	-28.2
88.3	205	1.38	1.5	0.68	-57.7
90.9	210	1.34	1.2	0.49	-38.6
93.6	215	1.55	2.6	0.74	-63.8
96.3	220	1.35	1.3	0.35	-25.3
99	225	1.34	1.3	0.18	-7.7
104.3	235	1.58	2.8	0.41	-30.5
107	240	1.52	2.4	0.46	-35.9
109.7	245	1.57	2.7	0.68	-58.1
111.9	250	1.63	3	0.79	-69
116.4	260	1.7	3.4	0.78	-67.7
118.6	265	1.5	2.3	0.28	-18.2
120.8	270	1.41	1.7	-0.18	27.9
127.9	285	1.54	2.5	0.28	-18.2
130.3	290	1.35	1.3	0.88	-78
132.7	295	1.51	2.3	1.33	-122.8
135.1	300	1.35	1.3	1.18	-108
140	310	1.43	1.8	1.4	-130.2
142.3	315	1.23	0.6	1.13	-102.8
144.5	320	1.17	0.2	0.94	-84.3
146.8	325	1.15	0.1	0.74	-63.6
156.8	6.8	1.1	-0.4	0.58	-48.2
156.8	6.8	1.04	-0.8	0.43	-33.2
159.8	6.9	1.29	0.8	0.84	-73.7
165.7	7.1	1.11	-0.3	0.33	-23.2
174.6	7.4	1.08	-0.5	0.29	-18.6
174.6	7.4	1.05	-0.8	0.32	-21.6
180.5	7.6	1.16	0	0.59	-49.5
186.4	7.8	1.27	0.7	0.59	-48.6
189.4	7.9	1.44	1.9	0.7	-60.1
192.3	8	1.48	2.1	0.62	-51.5
195.4	8.1	1.37	1.4	0.3	-20.2
198.4	8.2	1.2	0.3	-0.11	20.8
201.5	8.3	1.48	2.2	0.17	-6.6
204.8	8.4	1.31	1	-0.01	11.3
211.6	8.6	1.25	0.6	-0.24	34.1
227.1	8.9	1.44	1.8	0.67	-56.7
233	9	1.46	2	0.28	-18.3
243.3	9.2	1.37	1.4	0.16	-6.2
246.7	9.3	1.6	2.9	1.18	-107.7
253.9	9.6	1.6	2.9	1.75	-165
257.6	9.8	1.45	1.9	1.23	-113
262.9	10.1	0.94	-1.5	0.35	-25.1
270	10.5	1.19	0.2	0.75	-64.9
273.6	10.7	1.29	0.9	0.78	-67.8
275.4	10.8	1.07	-0.6	0.29	-19
278.9	11	1.31	1	0.38	-28.2
280.7	11.1	1.42	1.7	0.44	-33.7
284.4	11.3	1.57	2.7	0.59	-49
286.4	11.4	1.53	2.5	0.82	-71.9
293.4	11.7	1.03	-0.9	0.32	-22.5
301.5	12	0.93	-1.5	-0.06	16.1
304.2	12.1	1.08	-0.5	-0.12	22.2
315.1	12.5	1.08	-0.5	-0.33	42.9
317.8	12.6	1.29	0.9	-0.24	33.5
325.2	12.9	1.59	2.9	0.05	4.6
329.4	13.1	1.3	0.9	-0.14	23.9
331.4	13.2	1.47	2.1	0.82	-71.8
341.9	13.7	1.14	-0.1	1	-89.9
344.2	13.8	1.05	-0.7	0.82	-72.1
348.9	14	1.22	0.4	0.85	-74.6
353.7	14.2	1.29	0.9	0.98	-87.8
358.4	14.4	1.44	1.8	1.22	-112.4
363.2	14.6	0.92	-1.6	0.29	-18.9
365.5	14.7	1.11	-0.3	0.54	-43.9
367.9	14.8	1.03	-0.8	0.33	-22.7
375	15.1	1.33	1.1	0.75	-65.5
377.4	15.2	1.19	0.2	0.43	-33.4
379.7	15.3	1.05	-0.8	-0.09	19
384.5	15.5	1.29	0.9	0.15	-5.1
386.7	15.6	1.22	0.4	0.14	-3.6
388.8	15.7	1.38	1.5	0.3	-19.8
395	16	1.11	-0.3	-0.43	53.3
397.1	16.1	1.33	1.1	-0.24	34
399.2	16.2	1.25	0.6	-0.47	57.4
401.2	16.3	1.32	1.1	-0.35	44.9
405.4	16.5	1.38	1.4	-0.36	45.8
407.5	16.6	1.4	1.6	-0.26	35.7
411.6	16.8	1.53	2.5	0.15	-4.9
417.8	17.1	1.65	3.2	0.6	-49.8
419.9	17.2	1.68	3.5	0.55	-45.3
422	17.3	1.58	2.8	0.52	-42.5
428.2	17.6	1.27	0.7	0.96	-85.8
430.4	17.7	1.27	0.7	1.1	-99.8
435.1	17.9	1.13	-0.2	0.85	-75.5
439.9	18.1	1.19	0.2	0.83	-72.5
442.3	18.2	1.34	1.2	0.87	-77.4
447	18.4	1.2	0.3	0.79	-69.2
449.4	18.5	1.27	0.7	0.92	-82.2
451.7	18.6	1.1	-0.4	0.63	-52.7
456.8	18.8	1.11	-0.3	0.61	-51.3
459.6	18.9	1.2	0.3	0.65	-55.3
462.3	19	1.22	0.4	0.54	-44.4
465.1	19.1	1.25	0.6	0.5	-39.7
468	19.2	1.14	-0.1	0.02	7.9
477.5	19.5	1.03	-0.9	0.02	8.5
480.8	19.6	1.23	0.5	0.48	-37.7
487.7	19.8	1.23	0.5	0.19	-9.5
491.6	19.9	1.21	0.3	-0.07	16.6
501.9	20.1	1.24	0.6	-0.22	32.2
507.8	20.2	1.28	0.8	0.02	7.9
525.6	20.5	1.39	1.6	0.3	-20.4
537.4	20.7	1.23	0.4	0.58	-48.1
552.4	21	1.31	1	0.78	-68
562.9	21.3	1.25	0.6	0.44	-34.1
566.2	21.4	1.24	0.5	0.05	4.9
572.8	21.6	1.31	1	0.02	7.6
576.1	21.7	1.45	2	0.34	-23.9
579.2	21.8	1.49	2.2	0.48	-38.2
582.2	21.9	1.55	2.6	0.67	-56.7
587.8	22.1	1.57	2.7	0.65	-54.6
589.9	22.2	1.47	2.1	0.25	-15
591.8	22.3	1.26	0.6	-0.12	22.5
591.8	22.3	1.53	2.5	0.35	-25.3
593.7	22.4	1.64	3.2	0.52	-41.9
593.7	22.4	1.36	1.3	0.01	8.8
597.3	22.6	1.36	1.3	0.09	1.3
599	22.7	1.46	2	0.17	-7.1
604	23	1.77	4.1	0.53	-43.2
607.1	23.2	1.55	2.6	-0.02	11.7
609.5	23.4	1.43	1.8	-0.16	25.5
610.7	23.5	1.52	2.4	0.14	-3.8
611.9	23.6	1.52	2.4	0.25	-15.1
613.9	23.8	1.3	0.9	-0.33	42.5
617	24.1	1.84	4.5	0.69	-58.7
618.3	24.2	1.63	3.1	0.8	-69.7
625.4	24.7	1.66	3.3	1.35	-124.6
626.9	24.8	1.32	1.1	1.26	-116.5
631.6	25.1	1.22	0.4	1.14	-104.1
634.9	25.3	1.3	0.9	1.21	-111.3
640.1	25.6	1.12	-0.3	0.71	-60.5
645.9	25.9	1.15	-0.1	0.67	-57.2
650.2	26.1	1.11	-0.3	0.6	-50
652.3	26.2	1.25	0.6	0.81	-71
661	26.6	1.18	0.1	0.66	-55.9
665.8	26.8	1.09	-0.5	0.5	-39.6
672.9	27.1	1.16	0	0.53	-42.7
675.2	27.2	1.18	0.1	0.32	-22.3
682.3	27.5	1.27	0.7	0.14	-3.8
687.1	27.7	1.27	0.7	0.02	8.1
689.3	27.8	1.33	1.1	0.06	3.7
693.5	28	1.53	2.5	0.27	-17.3
695.6	28.1	1.56	2.7	0.21	-11.3
699.8	28.3	1.69	3.5	0.38	-27.6
706	28.6	1.43	1.8	0.08	2
708.1	28.7	1.71	3.6	0.77	-66.7
712.2	28.9	1.16	0	0.26	-15.6
714.3	29	1.17	0	0.54	-43.9
718.4	29.2	1.2	0.2	0.65	-54.6
724.6	29.5	1.27	0.7	0.65	-55.1
726.7	29.6	1.44	1.9	0.66	-55.8
730.9	29.8	1.5	2.3	0.47	-37.3
732.9	29.9	1.5	2.3	0.53	-42.9
737.1	30.1	1.39	1.5	0.45	-34.7
739.2	30.2	1.44	1.9	0.64	-53.7
748.4	30.6	1.09	-0.5	0.43	-32.6
753.2	30.8	1.17	0.1	0.56	-46
758.5	31	1.22	0.4	0.54	-44
761.2	31.1	1.19	0.2	0.37	-26.8
774.9	31.6	1.44	1.9	0.46	-35.7
780.8	31.8	1.61	3	0.42	-31.9
786.7	32	1.66	3.3	0.62	-51.7
789.7	32.1	1.51	2.3	0.77	-66.9
795.6	32.3	1.16	0	0.66	-55.6
804.5	32.6	1.27	0.7	0.75	-65.4
807.4	32.7	1.17	0	0.47	-36.6
816.3	33	1.21	0.4	0.25	-15.3
825.2	33.3	1.3	0.9	0	9.8
831.1	33.5	1.29	0.9	-0.02	11.7
834.1	33.6	1.49	2.2	0.4	-30.4
843	33.9	1.38	1.5	0.11	-1.4
848.9	34.1	1.26	0.7	-0.3	39.9
857.7	34.4	1.27	0.7	-0.21	30.7
866.1	34.7	1.65	3.3	0.87	-77.2
868.8	34.8	1.25	0.6	0.69	-58.6
876.9	35.1	1.26	0.7	0.55	-44.7
884.3	35.4	1.06	-0.7	0	10
898.5	36	1.64	3.2	0.88	-77.8
905.6	36.3	1.36	1.3	0.43	-33.1
910.4	36.5	1.35	1.3	0.44	-34.3
912.7	36.6	1.45	1.9	0.48	-38.4
917.5	36.8	1.24	0.5	0.33	-22.6
926.6	37.2	1.08	-0.5	-0.3	40.2
930.7	37.4	1.07	-0.6	0.05	4.9
934.9	37.6	1.16	0	-0.03	13.4
937	37.7	1.29	0.9	0.07	2.8
941.1	37.9	1.19	0.2	-0.24	34.4
943.2	38	1.46	2	0.02	8.3
947.3	38.2	1.44	1.9	0	10.5
949.4	38.3	1.45	1.9	-0.11	21.3
955.6	38.6	1.52	2.4	-0.02	11.8
962.3	38.9	1.36	1.4	0.66	-55.8
967	39.1	1.31	1	0.33	-23
969.4	39.2	1.41	1.6	0.48	-37.7
974.1	39.4	1.39	1.5	0.28	-18.5
976.5	39.5	1.37	1.4	0.21	-10.6
981.2	39.7	1.36	1.3	0.21	-11.5
983.6	39.8	1.42	1.7	0.45	-34.6
988.3	40	1.24	0.6	0.21	-10.9
990.7	40.1	1.2	0.3	0.01	8.8
995.2	40.3	1.57	2.7	0.41	-30.9
1001.4	40.6	1.5	2.2	0.3	-19.5
